1 2
2 3
3 19
4 128
5 1278
6 14388
7 179544
8 2374846
9 32837385
10 469268170
11 6885545103
12 103227794780
13 1575624118018
14 24418392516334
15 383405553718911
16 6088779521539903
17 97661948340531208
18 1580311744395224438
19 25772944933912046079
20 423288254280683407620
21 6996142501811644075778
22 116298245065965723344758
23 1943374019459137521841846
24 32629752120319879843166156
25 550268669633550652469435983
26 9317279810506765108084916361
27 158352049341629305357766893202
28 2700597899343393707420989485488
29 46205311093503233636978418636961
30 792911103863441185715334234839602
31 13644952611910117769869303468479778
32 235427399354460734636410238214412131
33 4072012679489228651511208911695317664
34 70593450410843375176241432502310044119
35 1226491341516502335699324315420001750272
36 21352853815444728079998502694672756387410
37 372468640791719481726991786998925457913575
38 6509097395110858530828305033004676420745999
39 113948219114382781625056571326847321097559830
40 1998074356426917970392855819613109849596028198
41 35091145961513790232130690833849974127322131589
42 617209075881507222074166621530192396194175289983
43 10871395209466115858236866200858305427506192645365
44 191746740910070927602351524120886935720497982003835
45 3386365655635430715378355876141905860454357095007551
46 59879483693136771642531374874824600581268819686657273
47 1060076894062493412056166491236271615279427185417784256
48 18788411980992817005090420009615863776122961797330000970
49 333361754104431752836656414744426501314023678255814352021
50 5921003385892623131477600614980159073478441149257354976446
51 105271466312463750842007862299722950684914859171278494155472
52 1873462049791899788119458437822401497415634901154084938235830
53 33371982243818407695935040759356194222617529086357952266712469
54 594986199589063670810549132904382453679994359327679179375053005
55 10617085340218812642637290586948455128367021642267572924656225977
56 189611103147366074331498153918667147236645249636461961790145445916
57 3388983812753930920626368194442520430935965040860484538181078217585
58 60619227287521864453632133204399767810515857874537539424089850860655
59 1085113061186796528319489597954447028863809982157896253881357140948774
60 19438035907096126761177376311594595947989759091247386376726641783973663
61 348443370273252681191040081195065890838314528537169564957585299193463002
62 6250354023516583319273748031619980611987771127824651359900787292097505942
63 112191572526521287267223855266175372195745443699636421979466655440690392996
64 2015069955318472662634550436462008565273497456309064187510030192619471756684
65 36214773754878190191198960992454533092630874888805667199777723770667215666991
66 651236981126522255517849237722521251581520019905496992586670865232175286906109
67 11717695343565544251529955424049325489575489708751697170331533693755303074893677
68 210954020009989141253851045366419020626969697639218610172500354759010715518238685
69 3799870325857493431568396710190640956629425521628336561678740867948086339035439831
70 68482298883051667580227458087617870138534187577712116404003141580216319888212382919
71 1234837973076304361722828918323455669127512282284867328739411251496086298633845200880
72 22277040375332304856173518306837848420525363181526622758034254305791442327148724544268
73 402082262743855948119423415099278250831542360358657366385186825922835878310503939500435
74 7260667135856119811108859296089462485324716777878014502891913335506231364821771713498456
75 131170700809238852793935829398730815808413934416225489889759497828207932396635475466066911
76 2370776319666445057015777119639501024884304278607687855302809800098627330923758529621568811
77 42867947419641869521267730093753007481584799252968707928847402118999770452686785051162232497
78 775458030937258972750106855447940320372122838728356126933312023156512044681897163153116516103
79 14033394244849308660788230454129697141198092345110440211177210177373147456858277542982245742086
80 254063028039020034007702653025623339666670909926218189612428639606320485408024178858499182070723
81 4601402176335967109772251630039512755847647762824346048942503550733323162048503671903610118613433
82 83369024762107044307423974986603993150159368067423313876028108957989804871099486166019884473794727
83 1511057632899905562634659890839455489915135061196409711323096210440412857478451037577508534517979124
84 27397771399860622668776253433691123767901347246588326653364294000149289521565500060372003021335565644
85 496939600067835107577457468432449803843175593784905856940146536121021002377677557076644670497957149657
86 9016594202659356063320028107083698814083797679189888307384123021167012262059467467501672302736087522098
87 163654709703699343237080183670233431649780991477708780640840515275705555623934825355987427187347968181534
88 2971379975028188773172518364519949433397914589168500488832206357938635308945077587048229544023498635712891
89 53967006158124165280350343512312795469138564007001576925436835227923465485498014548677674593987358591492566
90 980473292095845414232962108834094114768724565722670093911855215266298832920518518849616748020926976681911563
91 17818760099828009578250384655252689676622648082277777056969022438449973008680724288642110985714196356723868733
92 323929519368939212694523344497495826581928422381853504262787024510481814496681735959466746007860699010312531602
93 5890498682629138498102946977265044654906554824675700073818405426710954096044736939995925550600284229051109979837
94 107146833154157957843250230326446398834493234393621354563172806078091764371847955589723910484293526887075764019947
95 1949528964410064008760321479908799491522340424027066158617664680858943342433706987168985029443716863023895929374598
96 35481383095907243498733363239728594923251023997195100472877446515145333920947258014325829268265619774619852433119080
97 645935845844849487630867603568518137199081152602307752297534462088418131305169795858161635005280447119811015904143851
98 11762342081989662739564145645053286448317089822154647329707154165826096113345984050302329169944523205536992536717145176
99 214245372725531883660134775432803521518686205940074018235426645663729573453659962661804708261172020353529626090191431570
100 3903372907302597134422014473872839354715691963338936322557127262648828328548285068355191353027124122604508837099882483369
