1 2
2 13
3 125
4 1393
5 17184
6 224994
7 3071154
8 43207036
9 622076867
10 9121160902
11 135727814020
12 2044506484192
13 31114622143778
14 477683026321009
15 7389121983877260
16 115054273445859967
17 1801876312067088520
18 28364411544957716654
19 448548699543373689316
20 7122453253642075451779
21 113516901424875654148799
22 1815319960665737678610703
23 29119117521729484402085643
24 468406267027493560621990298
25 7554183198246358529218490202
26 122119535498876524253640469975
27 1978508632643270237384957806343
28 32120088301015778139554866174246
29 522443760201759349433770578506785
30 8512766782285119644339893563055457
31 138937695914499525819704926738123869
32 2271130964292257395408793800751969345
33 37178831478653781858283850073605089448
34 609457169657661887624412646486998145247
35 10003459664177950496236308561766533250267
36 164393792689087172587698382724116486602924
37 2704705036490189159810745600381853355130456
38 44547892268271526257667590231646544836246910
39 734484579825767553891064274729181901262895347
40 12121708715815734550335964290317674033712150575
41 200239469246037619575958384045850573103527512241
42 3310707095059757043908078536511647063400698482671
43 54784662068736989630352204529282445988736011705625
44 907292943091681350474144434841836916248445631611530
45 15037328732309473540147898265171759162737056674886753
46 249409964125250453108333368737827537966289423144191684
47 4139645241278343147564813991032550050941214342935980915
48 68755240709862803182856828011004181507077532048715094520
49 1142693558120611958680812346799009083443425124268243883054
50 19003067165749943832936327223422405911163175947529046454375
51 316210956466447705192975094122469825789567673792738382402213
52 5264769532737058420555438948517157032650601068148144546021368
53 87704440489143902597273064522590697509652518289749372869609236
54 1461822439177573897548813560143889568535234142100488613893173690
55 24377548993675552151894423841509890224216709176531443580123703585
56 406724026148697639449084113198035847403368622745084693272295486541
57 6789165909660053257124947492193803251527202562007310756017122701205
58 113379005055190702110612162624272430388210342364532315638289122562968
59 1894269106797581300708648361682722909825521283601438273260370906735941
60 31661906258272203654474530547595875457680929270663332139931322771686061
61 529434990351662334567972162470303215777681185119910397465705798560781800
62 8856509097256832760637190872080728970577333456363160468167137361705099267
63 148211290353945969747188190082796482680750322089639278415447823833540188651
64 2481209758206780983828701488514652633474269882209469018827142237911782633742
65 41553163246156000731856738395295122749578054338266966957478686551177630518744
66 696142725452802669680053167773691885627556750684953132102587958919653063785836
67 11666523681849672761350993789291163718854525711919838194312429188952226350034030
68 195582150596469820708659468477413338928465195767283436191678477877660973294753859
69 3279875257602272749182356955373017016522453147929221710971084284284763154152022992
70 55020149126996075429629046972525390380050838634455646465331230891901107329626960005
71 923248617872704395309410290881745228966670391802196687770897397689630192335047650292
72 15496882377270863677573817459802237810223954121087437579570241847865581286961805755204
73 260192772426021658600580433608462911936304670983292147538771084513531322542227679379286
74 4369864195375224305253650372149054891454074649865472964510908275152697754561682616574377
75 73410673245088673720910978927467807889694378462037913795354387668838472869622187932195367
76 1233575948303639986520433402327844107729141391273516179927212193202675782580878527196614806
77 20734090327113628613138195019651668075718265854472371796937725255367984852859169523695636560
78 348588929002842880000808731660207555720538002509676209890130169659021617264805019560294578561
79 5862041909301136071984851913527075537064847023411579718171727292140627129932185209703668857536
80 98602583112598048783707754324186218412492802058662708952364300740759813319790840087799729605611
81 1658934080701735857043394159164008521060355452209965000617572865705401694879094693402676663700644
82 27917012662144074712746269269196073058560811153138888830505960678404033121202200378988963722611348
83 469899885722704609028022693155766027781439767677417173423795326568209162343614903750769515819406373
84 7911084202302410708666993738189868895810830739636472970486393131964431913536097569910821083271892087
85 133216714436924441389975825399468640474383907537450290750006141087620452029913981414348934599731859550
86 2243733764908111423911055474469892693908682854718234350335302153572355802451408152442096465134008545537
87 37798254690459221459834728288436245059198614358728380337870726593664718851218772446188294044132270044827
88 636880547965268511942822907445510301713785278020235227785127059330652399253837177725279970969310026270594
89 10733172260165592559049020532235616063303651763524200353562926091319344898603282358664524447428612027251838
90 180917351034459659131810133862182994178464442568756921450136223454117157092603932672027685468427460603830114
91 3050089174724196254525059507323926109395600289842095970298296159564299002936606730678166202120210798964763637
92 51430802277102837149269443846549704153170656322189287751463222252788610108540371210965833783337286305755333289
93 867382813609188676223918412297184200115223781542287004175845742673395645596602526093494588768255208013782694924
94 14630980740222752630072876179819618608421340093900936201293901400039718850848731524627056256952306848987570723370
95 246836618963576523213640344982236387982077610330853481558262137733678534553072391098037044381213333794379395793287
96 4165026090906375953800996175119782786071348806759769416412976370246316775827548308945802117127325257819500884220238
97 70290455935944635050221524507545358138662631713572713824936176484590583126334900731880654294853863088289930026388811
98 1186435265168386222808878111773977951835044212485823584473922969934808043314306284939793125083249898643470818268306104
99 20029005509120878930848554505098882062767635273130349587500905838074009153159497269271916741785790790135393976442071054
100 338174626622803796363661382052456752021127440828797255423365630209660262729220034770590264299253507637436438912565502288
