0 1
1 2
2 13
3 136
4 1636
5 21963
6 312889
7 4650240
8 71248330
9 1117364714
10 17847907465
11 289357503639
12 4749142178911
13 78754797748406
14 1317522179331279
15 22209182445728667
16 376857490042108622
17 6431982174814922472
18 110343848328359825698
19 1901717810782378666264
20 32910517320261782097370
21 571662690657350170485314
22 9963491672323919801830265
23 174188653504943046017472861
24 3053875436735976975179381033
25 53679240246979779697953912418
26 945795193047467556888166403155
27 16701119647126760671329573964774
28 295516914118278288420787731193484
29 5238961347308899640319033396207015
30 93041836614017347306409124540793601
31 1655126534119136270541091908381629128
32 29488886836092884614646230592021848891
33 526160707640749504109246921938646220345
34 9400990370035781456103002092756821007749
35 168185882794828813429384093063251503905347
36 3012552928147936045483254376863887445165597
37 54023176001263246116246454604467942085232948
38 969837995068217907576324965098241274131390650
39 17428795605086114051129070360949168591258679719
40 313517629634543998151086894628477851692196239294
41 5644974051045491218090149452941567221556256844839
42 101729714776790784436704401906052644183495907160077
43 1834853831547033762196050941691078712900195276775144
44 33121196080165736327689201787532557833418428109948341
45 598336782237783329438588912031103514034439418186370942
46 10816975286711838822752671859522907816828283843371974862
47 195691815177576959901941475361137060719534846649073640913
48 3542691077879077022163573737534423327361574392225878275311
49 64176438029140652314274924447314851517716079746823550837528
50 1163290750544292224863204353626975919089756919669605753354084
51 21098937869260373900712229537896054184710041976941345680885814
52 382897469974762517798299542306542583346821647042183622047696017
53 6952555954837187361484727573060862711135366956704180368732412529
54 126309966619247348253437878678561512241797765227731702394959170049
55 2295902340966768675698223523661980528955335252164463062987084155686
56 41752631529976461080191812053757618323478456586379951064021104457330
57 759663673908167973652455236290016783152282984867140739845207890786160
58 13827979897900553612307587263350940697429546778587581836634841800839622
59 251819391205826989237677178308946462673514534925810710879030825502125502
60 4587817886904092147749237696437659368957266805494207266199814839626917930
61 83618732974043291575449891640263019453803499238213193869851349864537418947
62 1524668922166397080111313300292754710531214733666634635248190956527794971855
63 27810992534290646654129556752714128404217942683168155109093787052543287393486
64 507482521819725892049929071998915692333169336396413317018936338900157316386194
65 9263695744227084333634489275604014531042245560833242661504697455698109605754261
66 169161385122028272081569755215295891626291150366890959474452288668202889409726082
67 3090062906833126900169564335429897154254879745188507550306213693635655894745606402
68 56464844207860438285916475048585668723239289058936783450140048682673051270277021977
69 1032118239044307895651132875616318215464877872251562212326624570293491489996165183486
70 18871970029957221530063657908334135744007309886209499477414351349119567282479226088995
71 345173641296200029431096142107575909811206643072295693931891970703904851916848478806933
72 6315197043379414037920148814035261806578882898088020894913607640482632923608420875643682
73 115574369243357094430497025845203759690767620801327303230222852459194047159672323661728503
74 2115719534789702905237164781537973560636204625324967403069720467358779323502689649595183105
75 38741223155724618941399611725356636332139437823453339217319869591719487836197768769802014206
76 709584449140236465456323505825203684912538736776057384974165207200758897175273354470290981836
77 13000120014286731827083097532454633454191505443116466166918266726417461821721108336672902250658
78 238232081642406291879040940497114377971107910566060466145655345781756566468811121518296486387833
79 4366766314755873720274386534157581602147935428888665006876440318375405860799943684624000817932473
80 80061513364898456615245260166372846049152708941794445610645262309915006749218629319324513017147740
81 1468213428968846468388017704805426817441522954820911977896551404175758044341518720363147975258576284
82 26931072735864286117182777497479539785573604442923468239459989031744553725554238339332207362281846407
83 494099914451083431993336339437514705070514626554731914713853170331136066475688799866622796506077203096
84 9067138648273479043101606466253773121242919818797808295912196873762263676415937846939074262842690707573
85 166424728096361475131805570600699824441785495668373864236356132179117233892904601151149248908540399504361
86 3055311003869042410490642219994384599637736174795906158371444161226966688677376799194164536828724662455121
87 56102328012631664219382876915822309614881925056089426099826078895766849425233948786165038685332533897393151
88 1030367675783048537485184680493241836280181177639869378791527329274072324127645045192711392199772842504344485
89 18927249777265194117768723290017413781707453834064703055829650988664644098396257008068155191023653454398022564
90 347748185107574545377919208587566497444514115417351708283095104236091353246703780381614648625127504288688139162
91 6390318286433008364845318078063475875671698961886877320932341931557564436249277901557041675239779943577803277296
92 117451512588449148132944187048495475552926347974912670112521866505011791005881268198764503076695022541271302006207
93 2159093993602228194845416348978623553537976980454695998649078097095691582344548521568828489553665359296503112068133
94 39697179737248880892953471044871101028147335908343978139036470544486829844896573321752484005785403197633164252879359
95 729997441626549291217274824213924183668904900652161541853657708424470034411724765029938042270169154313809363709027612
96 13426260307927025204625562088527853051703977958051402097001770653668036573704939015822258026869285089358985226254300424
97 246978607008825143788061652306546970429555892003806205463609092762410691599759528201316209443663139033770912668684196072
98 4543941313506655331760083551647298095476739776772228809251143119091186012640606947596222696032027789583228263367946789727
99 83612997262016195788308744867785331646471702198163919720029153950567071528615564008516310616715189098881907946250225595230
100 1538796577078748756934430732941859053928270043308206518338339813809684746371829225616114111300582079800708094142720860468333
