1 3
2 6
3 58
4 631
5 9768
6 169797
7 3227825
8 64848804
9 1358593363
10 29392799222
11 652541683684
12 14797134424590
13 341543339273518
14 8002992250698908
15 189969023170705656
16 4560397162442174932
17 110563882027953819199
18 2704082045178339499373
19 66651328007574220420586
20 1654362809348690168354815
21 41322629318436253363101161
22 1038064839797435652974465404
23 26213126891338523307874059006
24 665086183861915793044726181013
25 16948547461763653886383517102522
26 433643898870396979406416928842123
27 11136479328428807841817382715678340
28 286984687307817562433171344007024809
29 7419255653385444253598926482819032840
30 192379225701964033208411777608480857897
31 5002268424881840217310728835663918998840
32 130409641963818979787499872224492651966407
33 3408131538012177399221307581674809186556011
34 89273643288734912228586268266063927207619226
35 2343539710084583712456106052909124832703133044
36 61646770371239747714595728303768777504527774043
37 1624757260590806026001515307223638093240177779400
38 42900454517430491519180743098196080316136665416480
39 1134721181500564726760473777300404828942699692483840
40 30062981765001931980911707156067522109712130384679113
41 797728611520891714935522079620921305212148716157895599
42 21199502671330215711147654512775196184136416204508677869
43 564173979702743568037487919844095264984148825289813195028
44 15034496988866355271332823307680605245794820997170196251008
45 401168419281849680608904678346857171796852081028296296269623
46 10717705505802760117384713603086621597888899566983756677652966
47 286675785519644472128360945625717514059502267007525821633256643
48 7676665854741557304266274483083246386356073394948137491869297441
49 205790994560902580888295199896755831373246243142104232675666617755
50 5522466621269763579568052637077837258006506054495187739215055546694
51 148345670627010752796932065911425732222683939145118105573821285036162
52 3988731308034590634251820059773106093594382176596240767493627623081005
53 107348720109034815658192807658061453720152916812860846198142924355386996
54 2891652438536777648110496906769277551350401330785812235034681250890505167
55 77959352572596841755971575577001636246581900875188914163951401002268108230
56 2103535351309326804173536591028510420644784723249016830206191577983429837243
57 56803896703757160481413164764145735477656196093702555137544637472186311797784
58 1535115633181199630243286682347227463903473137191997787970342552492797130305871
59 41517123869696426594479109434096819688010084844872827727434802976982416518463574
60 1123636275495173967386694066525832703393480078124723608718857529666074703318700818
61 30431701533360638169193211748014241404077167481403032587089268705239740571523238554
62 824743465903714663470915787766111811563975931436188480426349941568763171115407830646
63 22366309878223687542793873048145618370894688782703320039333904568739178644713524245627
64 606937097897013699062719223372482160590110925857364111515538956264106857756031361041506
65 16480046108053461431164507399983637814987248714395803312416868389189387914090987728932081
66 447744689848790096095899207528139155796687427155254806996768794084438721451948289972946205
67 12171721439059543522269405664832086906571601324573564869778651896335223771569829231780505754
68 331066856557758274637667144683645849398434794122681616601823618711118647355684583485426082392
69 9009785904517879693945308627265424556614975571392845511433135288737466170772145818042583925930
70 245324844974445355686031463551014468932808804692998894555378956951164973845604471615091003498023
71 6683291596910601224527287762408600964287648134631827438436589213517676154321330534798104276697720
72 182160786839768621798104772951594991774908114342112629621107318453924987256111846417598198589827148
73 4967398841297742488855166273661621590561501752683263706987821527841625483071148926122556000726747561
74 135521161754847955442309472393953475636343667600256359656809744518874944581858412618139215070597914807
75 3698994350360540745192737291361006820715632485384036968786981527027892381633887045883598311379189741534
76 101007454617147527964762073193739448167926038084271524506045442440930312734423487354259927756543510761704
77 2759378899098547759603345426703703922688208758343055502787935741671390844535067704697322847763278323742886
78 75414098738623513869894565762600171999499123376353714343208819550011916751213855410523887065594418732912706
79 2061922668970587615987538826816436843251630177869009043747472589410910393351584801503180384524309485025045781
80 56398340736341830923163508081700325661016033362292919893728970458592033728300466007298746569306446568248641130
81 1543227941007086946743214419158499828421260630816160158904366985731615498920794859691901997311432601236784166221
82 42243457501155446235611514981480643804179969741905200592987663563897710410212832823454589909599868149754641788241
83 1156779133900767314673339492186320443748992902113737660905138899730151314136404431225003541537677199947618533079894
84 31688316955007614500035724092522046551714035883239085135462013540681268942651600797936868154073201254562474648850689
85 868364184652367477777382838354662931423544102107962555769372555770390584918860547715090080577247714074362996703245638
86 23804278924656852193297143312161168832973254471450757969138722445505509898439359756349043685169881323481426613102624907
87 652762319510996949642129655194963914975618088050565563134770169425169279057193838372631975846937030883125567255498154832
88 17906004225383606565701011238283507481030953073856989357580143305609335414318757502670118413449131124994461271931526464618
89 491340543184228237491152698630915061554522717650185788463626935900552916691881830365322268542057363255717146984594661314431
90 13486637885495590689313414509236183231178460492196902739076815003225742309906613555089033742538016171686392278663770050464697
91 370304453855894347498289043430465367676174556146095387006843392959668318535248343622570526046469418749173507665483866154494878
92 10170572129991017474208358413526507975515273461532362451722698756102911507962523461469830241914564508998774552003877046837696868
93 279421747539870193515183500566721957884092409650374742355454870851839560334414144450249527092726619268134732600870112258136388472
94 7678928950163654116421186131540251480033556426221986024377183632836460312011280916126010128536549155443824085960456376671383480627
95 211088249646296348666164924611310914869726347693068297982886486417812937160716046921649852530589304554731092749051690217606334560765
96 5804273341258594568356899572881555682612108434899711524527611352403715173352131730698350472751588783890503172337027908939076479353658
97 159642877262429824531975772297095439909302221011014764439222241900405678520882653225535104749780785135191490450797554779056859152897377
98 4392044274326432406275053400565779423395057449002095387717355604129951298532606489459979914052732836891980454893513548655475045289080372
99 120864010134088659475245327105291860164280489152843025414841538366916437460371123598724175529232658282451673777996005477418455847808989525
100 3326887705925125762517761600451290461181957046199953347597037988131575720886608770144445889238723404292235936327765447929984435803313556294
