0 1
1 3
2 33
3 622
4 13677
5 334059
6 8665360
7 234426953
8 6538915530
9 186703738966
10 5430090274588
11 160303349139587
12 4791075364652842
13 144684635664725413
14 4408037073321141017
15 135323608409625921108
16 4181976878142010329440
17 129993304332902967513393
18 4061653603040497262477718
19 127492706353564054461363658
20 4018496162125739098219231289
21 127134279738509810284806396680
22 4035823519039691637347703136511
23 128511382715016159413913565059825
24 4103714375358252084872419690393247
25 131382899900726777699728940383716184
26 4216368658823557961163051443320269646
27 135611999416128095169137268317575844262
28 4370667667569622132977905015299769210560
29 141131908401959789064116169476170651651445
30 4565353150215004845407497239251441702251097
31 147926080985848827618924705337291531118862927
32 4800545789410518354883436729552837096305159331
33 156016477337940919679369273155500145943165916418
34 5077460024915165502180521877464777135882053859548
35 165456655332276761301286581400737885254631511150293
36 5398238321950607882277592305240548001112952891188047
37 176327864409739129056053402703924631797380122774409216
38 5765861884854463543536123190492257445348243253435577336
39 188737112525913721968828634412167155649756182933926192885
40 6184113029333625766279240081494131215939613738717887647880
41 202816606230286340606243986183301625139793992700081061787780
42 6657574643866192951232440776552765139414045064353652922200680
43 218724209621558561083585403832786144328499386964755503483764730
44 7191658137992793642350284187730640350141310332994661801462075553
45 236644714292815927300317096780739163903332829525123160369954609741
46 7792654902065026080278056246707145031236023236135393399020760414498
47 256791803198800802031970167391355854152774316214339882423534839356242
48 8467808602612224151111229884220157613882906006429662248704794808425830
49 279410650303512542390693903911846839452047480523423848495568103260420058
50 9225407167085920199124567381582350476767519280249372346767822444040765066
51 304781138135311607081139082833281803060075897736845293958501638606692649515
52 10074894388299174087255528852817064733412874918400949879050908547388521061106
53 333221704640619782993534595600084891351488478547162854495733008484631436390596
54 11027001888640683981782758157951351498197579440471760408643141910971217048333138
55 365093853557147303388679898471286924780365511569802112775955298192319776979013602
56 12093902840269186682329021665039316318299187326017229902939225000249562144523016248
57 400807381750441579341995822509172128782850351970388388475164569847611949056763589660
58 13289389411315186735745860638408559534421901140993466514279221915258151098793471887146
59 440826394392903435478690134054848401106378888899522522760520465163275382916580590074268
60 14629076446602656239020010522999958226706557370133539726491317036880623477638650325166504
61 485676195741009340763154230788453558016204258179133891038809056054763053239562155294148917
62 16130634427180530125441755895449061296290129967329559106781830386548091337795759245752391086
63 535951160465030237403102395585165517224616460758792242808534983070400730401933661091263481365
64 17814055310225238414940897380017408728854341500162721088104195024355390617761628983280196654396
65 592323708683990389276324697015184647919621695936132765880016590082765991305141603871618774444255
66 19701955449013103115326173410513802995773024066798094322871581320336398326950346555882354867171183
67 655554527621792094919753284772393920658600008201819475511015920135158167832563494577105344702826060
68 21819920448463606291845172368969571472770675541552848508424250141592664255273252601953019953820479886
69 726504204637458434627647557832672841463538316410088094613401743288028943740739740280768423972480535082
70 24196897540922420208075654130555517375887584988624497634454980360202997270859349263513266999506897312889
71 806146460785173501060948220509652724936340389801719749812000482947571133225046105000161163237151101122224
72 26865641885007028016324982758992045882709772614893803878325218381814755754612556601225307987124992413040367
73 895583201530139664801378403199884376992377643699878075359827300055261483816135639910249852944086628393224106
74 29863224113764478646356526298626181843478822694089006183705769058409052555331167307428109280105723703847067445
75 996061632317031483229522919820412631497877537798880339124019503209691197565937552179281852668049705052882701517
76 33231607504636763097633394755548083075612726867833037123152359114978939658822538431007806188618054757729295376380
77 1108993721939958645485699822032361879310053310170268896684270544366406969105099402692021293872391252616776785613966
78 37018304332112634423726741953255893039713810407744532124719538261282845220375497670137948426144049966915747676052569
79 1235978336740952569517919335847994213507748223201830121960169738482675152178900062939212781975887598375145486948530590
80 41277122316033072428741111882033387418278037019388063381144940295423868578458150450673617848980187047802705125155363340
81 1378826414291274809679335744106515017464192063600216859505362351525578294910414950724728598256971696317809906049946486165
82 46069013618604008928197893947784702373701501709717240481536778558329480218491448437840642115040868120698000754889871401400
83 1539589597203446293335596710857481187732588737543035352831502612613285606547178712555781811049563793343708785374970109614025
84 51463040598770228847077738115848973031319186887387003835416447523804082870688984158704934390675264723041432407514927301961237
85 1720592807009177714501591249437760212212831166058393691946696585678817459037534114375446289243976531955915962528592401725011284
86 57537474534995080243154469092524187986719049388192744789198420259503330506259282895236157169290857918288110266029092500939194825
87 1924471305674771942162189517924976367854820994550672659347879396579929085108959695066718716319278225467285343682527560127963468913
88 64381045812303181695201984109953695690192581973819263740875640004661823972631793160053918608055642286349375510499323162787280408977
89 2154212869514423462779742568698090876078908590427731233198010707877015376314688927607534463460898592799159908490260422963133749318798
90 72094366677329572953735971990615880157072500214688981779525453811451751079919320687118845207493511714698849190501042930367439031976205
91 2413205788376789351297677375599796914058625239931206000490245461142274196032899199498380239273602100657752488797679080692796264917782795
92 80791550642502905931651502103777081457389668154872669213075622748043228854255034939339872968767081520184224485116440773121226795652435015
93 2705293503590485299647939466140290709646075992438142653907732535576385881142986896901242603989808673196074750328353356762594746658589825813
94 90602056020422730594303207652313466630488079395438188782708477907414799194653810401127885215519004527667520522126125250041985525148688817859
95 3034836813053419620505440779949816718935972537825591245968087332808229863286772746232887969339921926827099794846584639256292738348692833544167
96 101672784952621251527399000107536588644431744379599155056842178878905387836892403345212883691057500830103398379573330444094498556896459773706965
97 3406784703090053214574620159493771203953263252590865715622766748079628577131742875065067924523718218805475700659436420689576803875233345525649234
98 114170473732587631083206444457194211235243344345284728500857434756038464521523395778109388970717900773263077965211117933706605815599095824824854789
99 3826755016625537310778423095378768632760802236652379212700264357960648606986815983573866898426804186794472959561492407878345703722806663084205875729
100 128284415290517350403633723571438401471703646703095442612184217861424425193555611563727339472990610885761499319025453590275947022544813744036825596158
