1 3
2 30
3 472
4 8663
5 175951
6 3792962
7 85230403
8 1973983751
9 46788654118
10 1129461246025
11 27671305826573
12 686280779819334
13 17196545171829729
14 434699169478064905
15 11071887768608804999
16 283868851045441180237
17 7320343222843675484907
18 189747591441535505723898
19 4940967735748169285290379
20 129191907080990051237086352
21 3390567825709688355951562765
22 89284043552087667745265839145
23 2358358792742476057747040748237
24 62469401661777946095723827153291
25 1659001957137740998963311671809377
26 44163230098729877921061836898051217
27 1178233418592920818009332954893421751
28 31498442177405470918428147019579315346
29 843668787774300018645187970262663641636
30 22637282315985995960276391778165620347542
31 608409083901259179854307468523949769295158
32 16377238272765478765472494612423308679793362
33 441486968876437849948620054896922324047913566
34 11917624970278751548333022511183922669658413356
35 322123024897459733316151529424147791969941848195
36 8717311670591069874780702587429167043604318369181
37 236180062281979407506048803107923747714915410775132
38 6405855762489130216075264887089938128517612313211143
39 173924121627234543755111991789177302824598599999165381
40 4726814474482489177897227232589432946018704587566516902
41 128582652255704381626880769320582609908977511401052822200
42 3500916972614810742036488761953417084679318642302934124628
43 95400081788665504280101319047409962479842354515919348586374
44 2601754585346347019010204741788014337350564907244267036931019
45 71009888650065021484699433307025655575691014580900925349127840
46 1939507959699036697511012803198950255773926389805774831752485046
47 53011584895521318494581954845500773905920197934561561703752001920
48 1449918599190734263878832572475225002246346544932720844154594763433
49 39682404575078366385292380494074478874195172909902977590299717938293
50 1086732150686676545918255482935533836697067180168959239208666644094945
51 29778755755325935695790139382656818077646762567967576433032607942768975
52 816469599024422546570115088412476342402160158597436822809802543124636313
53 22398216809587026261803744994599120433489359768953001200348497608557659432
54 614777367982151455599784518233234585385003587167589002240105913703647169000
55 16882814102506854026830881860772563434627120433471822912654154418352907032596
56 463859377606387934178727887778851810885105005686758896109143634534226109232126
57 12750722620697717521179181453528835078146426592975076145309431158190430415751546
58 350657413135255386802913102779526936652792044138111534467250008481896128155626857
59 9647709151383630756925839610406153061333175963374894359752896148725017962923372929
60 265553394234223328542573950407900566454720242700216798031454602462340701651159324843
61 7312398214675588875924938674935064700954970329609407094965741560594957528245319869275
62 201438407472190421574663754934116313451628262247441156704782291036028364465464352678015
63 5551286212462429194263257362865073872475773220823521844947459658315218702159418028265692
64 153041263537189796672511473337474852138394728094266016182093554413001909913834088892628757
65 4220675714110697070701114914437561796583801028137790358109449615014756367182242227010814722
66 116441854845018759394348123177255717926255451843285359349866060672877335361950806600531711343
67 3213551882803101442302013805549435886569241434771940347883503829535410394812133038512806116200
68 88716863356561814232917754724215419287431973002984177472738870865771668385976994521483889667029
69 2450007904379134506361037826865462364719161684318715129085499815620871594889081891681974735900256
70 67680755986470365082577428099895138105337969190581863976454010238668569752682430374449125861828254
71 1870231903969776118871540754718687940748414417005604700794767814073320544770835647391533036783645428
72 51695717090935735729897893813863208852478283005057402624883109665960643936111654704426012875664291265
73 1429351230796444457489260903945235746030607461808536134563935417624060438066369710582645866390468380709
74 39531677595441832677957380424779669883913151115234296922244896874562718628006616193761905335427599038878
75 1093629334385078230576519697878437171264708555743250091214658122490677026898130298804912963625753797460287
76 30262899810325957235988061927811709674482922587861171967221729335022199052116466318178128562990398067910394
77 837651552101127776241113669505047310483153597360522218037729714159190058223236710107182968741603156548616619
78 23191339027153494481415140222745960679085358159490302931537255169569445608666618301008556637581306301940366583
79 642236573659337053434075492248456297918998652938327936634853424212756828360633131046207501115480998586127438541
80 17789688434908625872409746354773067653968632810836952228904578487012896776798329381912771437416724014634568782447
81 492882236323907604804442846452377512833629544529562133661960895072484731228889563569746893793608293107113489336363
82 13658940673694911175116043322256739256898895090030247360427908058112221428402941451133858896553813800663476973256677
83 378606008238563074002641557556988062309711851362992239056138439643611783208352371869153203674662954301751015550032496
84 10496688361716252423337602225984578675471260995225901281429639108633979544107667882581119270000416615292047848829581091
85 291077874335004163310713731308632584744581527606003083929651056889933648146924562525769061334553822723226821017303847926
86 8073391698113286415890499714338943583276256448247425435626069780997598631376668670316624326974976599330232295407656468654
87 223970445376366877756327919285035169802201958798741454705231388086278102867509336855913153168203844355914264456592395770387
88 6214572494628116101739573001518367312613468331267054333853342522323980820077530546735190279236949122035404965745840472311207
89 172470856698219116050755695839832706488347288842699868851512745298402211938407777483109282015685432613809850906764690745780044
90 4787427683162173535033541937115319522231249313626691917717764498623306762497837400702845090731922399893766362675051678398473592
91 132913460707401924985307069546438807845940045764824546019436209018734901814926659044497420010957981663881134535610927591715429225
92 3690746245585361687473888822791052071196647613909379419894912785476369053062314678329190457414667609217806015116276446657046933984
93 102502909708101448345776955046491233607772795334354505820625317910916284046453272258665824312291710129902689272213549268749835378829
94 2847300776635939658288089328246556415430776272907059641046647024369872852878816102329965162978651045541478652153737070039177465181432
95 79105022180062516052518494384246551603876643298538030027130061916417888758301021144061015532938623075632797857586211212303625030427905
96 2198096653952950495505163391611627333159545888947791106378711929500483175742274207961367842803000359274668147568704079079684738880132175
97 61088581552744085713588959223386954292109079448390855664379154923885038134792131437909754124702224431312583485567283671814563036260044784
98 1698018350899141909489603643583007833325399354946094436617175305757744569396693092949300868778582588039187314162915469891406133344568006387
99 47205477924229843012568923774667601076834845113978562358896713355661041133043716199943126003184890860012561252801970885135658694077508284644
100 1312528494638514619913598103929531922554948225052896289684647332050571799858956453142081755679974750648140177325736867100549735132780184702453
