1 2
2 3
3 19
4 120
5 1118
6 11581
7 133269
8 1621163
9 20613170
10 270724916
11 3649674060
12 50258493258
13 704501063484
14 10025298434677
15 144523472375992
16 2107017783346016
17 31023232060332987
18 460786413151640811
19 6897509188035453060
20 103971796520501814827
21 1577145451427672891221
22 24060525539042058180940
23 368972702422101376413348
24 5685206001636704948525286
25 87981602542470397867179047
26 1367042746381664472545979850
27 21319878743591238792193488271
28 333643068950889292535247948181
29 5238042293140467866167517456550
30 82480432750021186688143073385370
31 1302395081101283728727344135767763
32 20618992370574348372887768031931108
33 327231515191169528122187135412261698
34 5205257291179042200444619766494792471
35 82979462253512199597996190688054573623
36 1325522890413613609371236162718499620104
37 21215012465550409624467046096723370612454
38 340168383736073012351118888469548222481917
39 5463838483410470673378202573491837740010086
40 87905654457056637844146325243217443754172063
41 1416496351950380920583420538581008695799421411
42 22859198419775283024200938716199036043482441068
43 369422157676784062768908232425566545732486198346
44 5978234049691332882266927850443443425842315671437
45 96868919844993763769372303172136289413391835024351
46 1571566844076847443517903527034240095179527936267051
47 25526719135467750966378157273567353206065367411757444
48 415096651304522833506432292525813870043781202410148446
49 6757331651866788387062737766229702089760721579435500953
50 110116889389195132499167489141075898279163238671808790117
51 1796252497672246693119314633356878957993638317054192063729
52 29329096663053759599109613775641429268754838144641298226452
53 479327017366114684465843766456063672478944738282269377081479
54 7840649017283455450790798896381924095327809601977105282285406
55 128364458121203203366791061043746446776395676817796348161105034
56 2103278606318135104350641643043530203195307277077528979624753357
57 34490169246837877835665026433900990221384360646540124395443986332
58 566015460801302234607202835187510366728751592815880955000966701625
59 9295746430410200212745951798766298545940467175235321538573365240830
60 152775032241325535325394292355154972746363371868344162278124122671586
61 2512593983400900680175121111660341557299908361236989053600999120070059
62 41350830994952512865886973505667618872393214169294050737099299854924328
63 680971307015348252468436960103657113182215038794416675763423279294129185
64 11221402041598255905504781074130074271219812734997295459018324551003294485
65 185025112647447023739121278913736329706011270179158284718459334776093595879
66 3052610359523326243515082229819098595477892618565995683803295728029882258329
67 50391985953432329974385712646003228191625988577683940736158265768697013594894
68 832326237995124937475455193332908287034232902852623632482684110131797930954645
69 13755001358669999051813015308114919571907364067468478210602207659524585059133998
70 227434249891570988937239863560503018632379816895629381900195755529810162101504680
71 3762467842276012415383538622361173581091689068981685130327701156964454538354680873
72 62273779305091082275344482755430428748618071500593138916186525749151147751434865409
73 1031210197226792059499698295297657344470478634901571323339540956006813792747956040957
74 17084135974701305322289022727149334992712790149755256781556992607485077051151615661882
75 283163459694995349896793434945249342158269008151077097799881988186779919559951161518567
76 4695420735893614061149593390771380270645889048554362728383176312917077345580343562691980
77 77893259861443733102199848847516969470800366507990129302196290973136972916484545306406632
78 1292731861819843526191265389347344731925894503351854354543007798297415226056864158311277746
79 21463253950914370276583698165699914960132878641911578063588806009954943544281381360106156412
80 356497689890495868958227075897484147612650485433467095215513676579789213370041404570804822048
81 5923625511076482545946638889453750918700141917164686657396308304128316001955533173346358505201
82 98465484533741311104003218955650390214034492350957560091724062868288758720294979611642855413751
83 1637351747923068137292039776965747820104219377786053708168827132625413693871559645561385209151265
84 27236896507252987480558127544655720632890515290107694889559646911562436393830540190468586533159121
85 453238911548357873728407376860091247635380254585978648105396369001616923134576016857073316089815505
86 7544788809648035475913370298662157056826618178487830276515952337780355899199239663561543372295501303
87 125635925398918891420784540791364430775748210966379519149115547443740218384739450798132915441719224628
88 2092782504896763209467734347350372554916868317293767446719479957636075965660357833396499013644801173703
89 34871819099798102219367305426188840213651177924926539839083275444632823926084240519075695953011959770813
90 581249013666744569570895065432353993682051433136822979710119256693453938170501638927237408678259327082867
91 9691342508004004514461832185609317458102145711086880975687822272081772813838633159389890338908897511626114
92 161635522757666778708662515046523304404893043751109085526241516034814541338237829685702775682708218863443075
93 2696609133893015824036317016564346067393681807176171897351137761300159382669735282390499130257793143307076656
94 45001269362688102653331665131051055553992276246928052823603269599631449284296365607683769523525521395678569343
95 751198034205019609658076779188959218264531677684860351782180231017324413504869325117057360291469523273153652709
96 12543087793940395293925202201163773414155774536705638683550806727065235496860957411835881752851604458803484593316
97 209494356146209712114027056818261026135745061642908351727535095388375624628716251812627424168136599938602782913111
98 3499899879529418774804051708991524371732230849896992918757036103965123200784780483322748535284216736868749246726558
99 58486010513975285814167250038837194060608361520797806439973712758905311421254660540902116155907047715972084884232581
100 977595481072095791476112165336910984269724210792606872965702550191940601523893426193912836824563674713037569612836063
