1 3
2 6
3 64
4 817
5 15051
6 314275
7 7174355
8 173294466
9 4366899292
10 113691445130
11 3038371557111
12 82959981692608
13 2306121957206403
14 65088338754992685
15 1861243497444632906
16 53831648229013783324
17 1572533786393064168268
18 46343538662581404915918
19 1376533570011554800356630
20 41175565997126326872320323
21 1239500109642638662871563187
22 37527471236599447359309058488
23 1142152518081552989878088147844
24 34928193307209117682340540818697
25 1072839061021095836615968892169525
26 33086355950899919226410939618075045
27 1024202525439164135273563217126358242
28 31814608430979923314313193438779976187
29 991436783440788317579634673672096488710
30 30988882061658439631161459169479549205628
31 971322355177336389456232029808735756570517
32 30525292361827487074466532232570930329777009
33 961667271313578320044191387394704478234668664
34 30366470479114535653557103056946424339527653149
35 960969921920411471186397754504620699486277098122
36 30473178530419934281432187000876010456347948601455
37 968208976339095583856150273445944886513984651037627
38 30819010383215762429118498149508887752820172424396633
39 982708903473282287517680396297279995481409098238037313
40 31386960779936856926507095692521170221539290983581618018
41 1004052043737695846910795461665698255602145230739193311387
42 32167163453498855073592404481382686235136304007206209450013
43 1032020258858966710405308447605424593448368501672871538133069
44 33155383143062311763880420658262397788442743045451690055829317
45 1066555936849806787138307475090409271161750294293987346219350880
46 34352008097278348979694163950455312872256575248029261960841518217
47 1107736032070781172545159975946332594182152270266043857449798655612
48 35761384562564137701668892612300750332653847145207528683657636003849
49 1155755145076409951731636391215060917809037028195521106693532980236562
50 37391392090283154284124602695598245111414433418678156241724930813409183
51 1210915070401936932003851926234533073779622098937737215158426819098578531
52 39253194062881001054141592836510313890180090049097798184542447152456181170
53 1273619134649778976471894983096015871959904764960648476701072490746956999717
54 41361120459113538384014221732782822675130345756305948590946091131114742108980
55 1344370222925974375862916524004311502625085597954802260392160466822996197594141
56 43732654619524496341909020985192740437581951056502801185755281013230938393687661
57 1423771771467481261731250588444062770359474074835987282285355864359590256424847662
58 46388505620471700772823991441553296323421401371659971204495514112457665277788098779
59 1512531261302139032833961306982130593089743945735605128203068679148591367524754953186
60 49352754619116696990144427042059317219661712193638660177084717702008339640884341141263
61 1611465926599155178229774565461547093049515400447773869984340939841046596569008494395454
62 52653068303669704096166016396723578906084810714349318554530589901606361742051728145080224
63 1721510519808252493275903511747146411266241144208294152875591124424226192728550240856187170
64 56320976072701606075934519278292990892156056584711876941269458806961718110182069878333246656
65 1843727071456792209380391263834700268440840400646926170142741020337507272158777421296192632008
66 60392210224843186119137663587795036591311101294056124073115164093580062001668231794079139895545
67 1979316657092231383062215987706509102515660712795397341740211622585721497815130719219766267388265
68 64907110561816590966267309135651147577966052410446402813413007916340317097654146936419499476960584
69 2129633244981704213433357394161202171721987257603577488017275879422874128676817570215029900731165493
70 69911096592841931234166967942781724704166372397383041932180323107629867675252949754576197366527322405
71 2296199751035018669111484575400325471845701111116230775500832348845930113224686141543925741327155969813
72 75455212114912766661943525226035679320601359814871789112812963301740724401188563165487792177425255159619
73 2480726475670686270839551021296396244798860561914395111287873541608108702167363526705988975857532021441326
74 81596748429729462671084658032742560025934538897545496806031705095303194888345666649556291362547812128151312
75 2685132143667013016068921936445596069373766895561645668921670555604656682449047580712369538106070109247467949
76 88399953917404889369633917337365030520529408969173714720854534646982114662048632741919636345100268792250693852
77 2911567814461671810789610719326277715055523532155078698059930096734679471236041648911177611120197746041478118876
78 95936839176446273977433912614294124058695016403819110823097989192912902379896763236424593891223093166326004267412
79 3162443978508275705390858179506647265326949454547225432936260635347715834673562000199698730798262735074951707475532
80 104288088505928795812773624293660016757577568021894348155665795659786804003703710966983342186854008432233438304386596
81 3440461206544834344596259323706018809366627059542867329161292621115212488703311120195545596546554281741091716753278908
82 113544090190230505411248621590791473908717294113386541111022819668577742746992557349447955263530826680472492692341937926
83 3748644774216091837164826430615300785229099646436587179771531626838182207878187641838740666723011639867796391363380545217
84 123806099887177398109939627473379617015232620362601999857768324757830976351841021448130145074952170120419039449771790302713
85 4090383745598967893646217338584701356289421995075683726365788454344839404397856752888904163936304248008291930301155173031441
86 135187553454013727457362368066459775988845121048561212490774880960338672367186743921990264788983440021140857161038002717968937
87 4469475066984984295637710513909377368291160168358521992452398529168718844633715999847304556570319595912402389647591859240902727
88 147815547810023475338759815705177281984812643326561808195969185750618051714074694931274284148613956609418526337404047173145479849
89 4890173297996605619345374350653753895276871030281133517931527974787210898878231521591819656889102682084675818136377644859761163082
90 161832510969645854779258378826291950108991877435391365043447765469649764852401919073462435449627773512377813434551080134023176643125
91 5357246692058511002676852444988900708072027542293345045212812614467010879374322555135630487987587570665912170991767537908811259146072
92 177398085228442844108368872671007968859523262006553361541975493531958591963490173895889704126380217556773712157548484547304034216517384
93 5876040433828154020989335839220812432649021665627554734895982622250755948162630341884276891884102920310578773053480558110506175876612054
94 194691250693345472859230018846327625625634361952428745815162389714986768454310550291104313135754327049575431112885534488413320926477780567
95 6452547948978298749521405072893013995776810835835687600725289683009290505634067248828741462035078835313408599006422846789384974300566945562
96 213912719970449284082884011667903203870605272991050797879739813083006084521035429309559640124195575181727514385291548758457540337118411911371
97 7093491323462617313291681058432204900701217103927035814313712101225718234839072028822495764362781033669606856823689224182113338358414074185388
98 235287638916655189657853404266803394588222857911120364627665982045736670167052902196803797298245559568977649830585607249119100786320882070885056
99 7806412007041294244041470597214646720882032034422305469552953816080173802075694295596832556468955406127763163500817490549964377159111299767882749
100 259068632991327586202856353814369869869787160066521355233916724351696858145483548704031732194000042955143972053248969612257567528155807491538911626
